4 0.393889 0.752422 0.406875 0.704227 0.659792 0.727867 0.645528 0.777961
4 0.617569 0.255586 0.645639 0.249938 0.679306 0.249102 0.698264 0.248891 0.735042 0.392578 0.650069 0.401008
3 0.288403 0.255500 0.287764 0.248969 0.292708 0.246547 0.289472 0.242672 0.292056 0.237711 0.302597 0.237594 0.307125 0.232633 0.454458 0.168578 0.505750 0.207180 0.502264 0.211953 0.358472 0.277016 0.350750 0.273977 0.346903 0.279836 0.331083 0.287641
7 0.458583 0.865430 0.459083 0.857312 0.464306 0.846391 0.456847 0.843172 0.458833 0.834906 0.470778 0.836031 0.477250 0.822164 0.473028 0.818383 0.475264 0.811523 0.482236 0.809703 0.487708 0.804805 0.497917 0.806766 0.495417 0.812086 0.501889 0.817406 0.500653 0.824547 0.488708 0.825109 0.482486 0.838828 0.487958 0.843172 0.486208 0.849047 0.477250 0.849328 0.469042 0.857031
3 0.347319 0.951617 0.347764 0.907203 0.352667 0.908203 0.549847 0.909211 0.552528 0.911719 0.565014 0.906695 0.566792 0.962406 0.554306 0.961148 0.554306 0.963156 0.359361 0.962656 0.360250 0.954875 0.347764 0.953375
7 0.352583 0.839656 0.344403 0.830461 0.342681 0.819812 0.328264 0.819695 0.326333 0.811703 0.333861 0.808563 0.332361 0.795125 0.322458 0.794883 0.318806 0.786773 0.327194 0.781453 0.327194 0.776852 0.342681 0.776977 0.342681 0.780969 0.354292 0.782297 0.353431 0.790047 0.346556 0.792945 0.349778 0.806742 0.361403 0.807953 0.362042 0.815094 0.355153 0.819211 0.352361 0.824172 0.353222 0.828164
8 0.197903 0.779750 0.196458 0.771969 0.270472 0.711867 0.276819 0.711867 0.310514 0.682063 0.336431 0.687734 0.352264 0.699234 0.239083 0.794000
1 0.620375 0.690188 0.626597 0.688508 0.633569 0.682625 0.645764 0.682625 0.650750 0.679125 0.646014 0.675070 0.678375 0.636984 0.679375 0.631805 0.670167 0.627883 0.631833 0.669187 0.621875 0.667930 0.616889 0.672406 0.618889 0.675484 0.624111 0.677445 0.621125 0.682492 0.618139 0.684312 0.619875 0.689211
8 0.586569 0.578492 0.587903 0.569312 0.625903 0.546625 0.623236 0.543445 0.714194 0.487211 0.719194 0.487023 0.751861 0.504453 0.754861 0.511391 0.667222 0.565750 0.656556 0.568187 0.617236 0.593672
5 0.531833 0.443609 0.665111 0.431242 0.666111 0.436867 0.792403 0.424867 0.799736 0.438180 0.801403 0.455609 0.674111 0.464977 0.675444 0.470602 0.536819 0.483727 0.529833 0.446234
4 0.323069 0.405969 0.329972 0.404672 0.407167 0.406125 0.398500 0.548687 0.389042 0.551070 0.313361 0.549953
7 0.512278 0.264086 0.519819 0.274656 0.521111 0.284508 0.530431 0.284695 0.531875 0.287586 0.533167 0.291563 0.526417 0.296445 0.522556 0.298164 0.522236 0.307469 0.532333 0.312188 0.533625 0.319508 0.523958 0.322438 0.523764 0.327883 0.509069 0.328406 0.508708 0.322859 0.499222 0.322125 0.496444 0.318781 0.497917 0.313969 0.502194 0.311250 0.508139 0.309992 0.507972 0.297031 0.501083 0.296398 0.495889 0.291172 0.499597 0.285000 0.505931 0.283531 0.509639 0.283430 0.507778 0.274953
