3 0.363431 0.897953 0.362931 0.891516 0.350236 0.891516 0.348986 0.844047 0.568278 0.843352 0.568278 0.898656
5 0.291431 0.992883 0.296056 0.955148 0.433319 0.957320 0.433319 0.961219 0.560931 0.965125 0.558236 0.993969 0.431000 0.993750 0.428694 0.996141
4 0.409236 0.642680 0.660375 0.665359 0.647417 0.713797 0.396569 0.689172
3 0.286000 0.189672 0.286667 0.183859 0.292000 0.182734 0.289333 0.176547 0.290000 0.173922 0.298333 0.172609 0.374972 0.140375 0.376639 0.137375 0.453292 0.104383 0.504931 0.141875 0.503264 0.149180 0.425958 0.185734 0.418958 0.186672 0.354986 0.213664 0.348653 0.212539 0.344986 0.217414 0.331319 0.223219
7 0.510569 0.200867 0.506667 0.212477 0.507778 0.220734 0.497917 0.222727 0.496806 0.227117 0.495319 0.231305 0.505361 0.231719 0.509083 0.233703 0.509264 0.239984 0.508153 0.245523 0.500528 0.249187 0.495875 0.252219 0.496625 0.256508 0.506847 0.259227 0.508514 0.264766 0.522833 0.264562 0.523028 0.257133 0.533431 0.255883 0.532875 0.248875 0.520792 0.245312 0.520042 0.233602 0.529153 0.230570 0.528417 0.223875 0.520042 0.220844 0.516694 0.209969
4 0.616458 0.189047 0.649222 0.184273 0.698583 0.183406 0.734431 0.328711 0.701278 0.334570 0.645375 0.333914
4 0.312264 0.487703 0.323111 0.342242 0.324139 0.339633 0.409306 0.341953 0.396917 0.489445
5 0.530319 0.381320 0.665208 0.368492 0.667361 0.374180 0.793639 0.361953 0.800736 0.375266 0.802458 0.390758 0.674028 0.402133 0.676181 0.407094 0.539347 0.420648
8 0.582778 0.512734 0.626556 0.481828 0.717167 0.423484 0.756486 0.442570 0.751472 0.449727 0.670125 0.501773 0.657403 0.504383 0.614222 0.528234
1 0.620028 0.625945 0.620764 0.619773 0.625417 0.615586 0.615556 0.611930 0.620028 0.605547 0.630806 0.606484 0.671153 0.564336 0.681375 0.568422 0.641778 0.610570 0.650139 0.613492 0.650514 0.618305 0.648292 0.619563 0.636194 0.617367 0.625972 0.625102
0 0.626347 0.982828 0.633042 0.970031 0.616986 0.966523 0.622778 0.958242 0.638403 0.956484 0.646875 0.935906 0.661597 0.935906 0.666944 0.923609 0.683903 0.927375 0.678986 0.938414 0.685681 0.944438 0.674528 0.960500 0.687917 0.967523 0.686569 0.974047 0.669181 0.973297 0.667833 0.979070 0.663375 0.991109
8 0.197639 0.718047 0.197361 0.708180 0.269931 0.649859 0.278861 0.649695 0.312556 0.619078 0.352292 0.633977 0.235375 0.731828
7 0.353333 0.776164 0.343431 0.764906 0.343431 0.757047 0.330306 0.755836 0.330097 0.748086 0.336556 0.745188 0.334181 0.731266 0.320417 0.729453 0.319764 0.724133 0.328375 0.721102 0.328375 0.714570 0.343222 0.713844 0.344292 0.719648 0.353111 0.720375 0.353111 0.725703 0.349028 0.729094 0.347097 0.732477 0.349458 0.740586 0.351389 0.744336 0.361500 0.744578 0.361722 0.746883 0.358486 0.750266 0.353972 0.753531 0.356125 0.760914 0.356125 0.770234
7 0.461542 0.801398 0.459028 0.791320 0.464764 0.783617 0.457819 0.779000 0.461764 0.771719 0.469764 0.771437 0.479472 0.759820 0.473222 0.755617 0.476708 0.747773 0.485694 0.747359 0.489153 0.741477 0.500597 0.742875 0.499139 0.750719 0.504361 0.753797 0.501597 0.761500 0.490917 0.763039 0.483917 0.773258 0.488153 0.777461 0.488653 0.785719 0.476208 0.786703 0.467278 0.797063
