5 0.310472 0.569000 0.292625 0.593086 0.293972 0.601617 0.413514 0.634242 0.420208 0.628219 0.533514 0.658828 0.552694 0.640516 0.553153 0.629477 0.441181 0.602625 0.444750 0.597859 0.318500 0.566492
8 0.486528 0.791000 0.527139 0.766477 0.524750 0.761773 0.611347 0.702313 0.640611 0.713063 0.650764 0.722469 0.652556 0.728516 0.566556 0.786297 0.559389 0.787641 0.521764 0.814516 0.488917 0.802422
6 0.323514 0.765648 0.340097 0.761094 0.359750 0.760875 0.368236 0.758703 0.375181 0.760008 0.389444 0.764344 0.391375 0.773023 0.379417 0.777359 0.382500 0.780391 0.390597 0.785164 0.395222 0.789500 0.386472 0.875906 0.360597 0.880672 0.358833 0.901016 0.348569 0.905266 0.340514 0.904773 0.334264 0.901758 0.338736 0.882695 0.311097 0.876422 0.319542 0.781062 0.330722 0.781828 0.331611 0.775539 0.322667 0.770266
2 0.613333 0.830789 0.635528 0.830500 0.650500 0.854883 0.653083 0.862727 0.664431 0.865047 0.690764 0.906852 0.684056 0.917305 0.690250 0.928922 0.701083 0.933563 0.711917 0.948664 0.712444 0.962594 0.732056 0.999469 0.721306 1.000000 0.702125 1.000000 0.684569 0.968406 0.672181 0.966664 0.662889 0.941695 0.667528 0.937336 0.663403 0.922531 0.649472 0.921664 0.624694 0.869398 0.626764 0.866211 0.611792 0.841242
8 0.206347 0.242891 0.280708 0.180828 0.288694 0.180828 0.321472 0.150250 0.359847 0.164641 0.360653 0.173633 0.249528 0.264930 0.204750 0.252781
1 0.680639 0.097789 0.645028 0.137273 0.631611 0.136109 0.628972 0.143656 0.634653 0.147719 0.631611 0.158172 0.635694 0.161078 0.645542 0.151789 0.659431 0.152367 0.664069 0.148594 0.659431 0.143945 0.690444 0.106492
4 0.418347 0.169398 0.666403 0.192719 0.669861 0.214484 0.664333 0.233141 0.654653 0.243633 0.405903 0.220703
7 0.336431 0.249289 0.336875 0.254062 0.330194 0.256320 0.332417 0.268109 0.341347 0.267359 0.344917 0.278898 0.339111 0.281414 0.341792 0.294211 0.349819 0.292703 0.352944 0.304242 0.362306 0.314781 0.364542 0.303492 0.361861 0.287687 0.369889 0.286930 0.366764 0.278898 0.358736 0.278148 0.355611 0.265602 0.364097 0.263844 0.361417 0.254062 0.353833 0.253805 0.350264 0.248039
7 0.497472 0.275687 0.494306 0.281516 0.487403 0.279734 0.480194 0.287023 0.486542 0.293508 0.481931 0.304523 0.472139 0.304195 0.467236 0.315859 0.474722 0.318773 0.468681 0.327203 0.469250 0.338539 0.479042 0.330602 0.485389 0.320883 0.497472 0.322180 0.500069 0.313266 0.493736 0.309383 0.500361 0.296906 0.509569 0.295125 0.512167 0.286859 0.506403 0.284273 0.507278 0.276656
3 0.358528 0.376836 0.557083 0.376836 0.563250 0.379219 0.567875 0.376188 0.577125 0.376617 0.576750 0.434305 0.560556 0.432570 0.369319 0.435172 0.370083 0.427805 0.356972 0.426719
6 0.533917 0.563461 0.537944 0.560063 0.575389 0.555844 0.572208 0.540461 0.730611 0.518750 0.734361 0.527008 0.752792 0.521992 0.753361 0.518914 0.764306 0.517617 0.781306 0.546453 0.778139 0.556492 0.768347 0.558437 0.764597 0.552445 0.747611 0.557141 0.749333 0.565891 0.589208 0.583063 0.582583 0.573180 0.540250 0.576258 0.532181 0.569453
5 0.301611 0.491758 0.436167 0.492188 0.437333 0.498695 0.565722 0.497398 0.568028 0.504336 0.564556 0.529062 0.436556 0.528844 0.435403 0.534266 0.296597 0.529930
0 0.671917 0.455680 0.666764 0.467578 0.645597 0.471063 0.644056 0.483258 0.624431 0.489648 0.621861 0.500680 0.632181 0.501258 0.628569 0.518102 0.662111 0.522742 0.678625 0.521289 0.678111 0.510547 0.693597 0.509102 0.695153 0.499516 0.681722 0.490805 0.686375 0.484133 0.694111 0.482680 0.693083 0.471359 0.686375 0.469617 0.688444 0.456836
