4 0.415125 0.499922 0.666278 0.522250 0.662708 0.548852 0.652444 0.571937 0.404417 0.548852
3 0.374986 0.000000 0.294792 0.031227 0.294111 0.038609 0.289958 0.048328 0.334875 0.081367 0.352847 0.073594 0.353528 0.068148 0.361139 0.072039 0.510389 0.004016 0.508306 0.001297 0.397514 0.000000
8 0.318764 0.478586 0.284861 0.505687 0.205903 0.569172 0.204125 0.576953 0.234458 0.588750 0.249625 0.588750 0.323236 0.528523 0.327250 0.520742 0.356681 0.496906 0.354458 0.489133
7 0.361722 0.637352 0.352361 0.628570 0.350125 0.617781 0.335861 0.617023 0.334514 0.607242 0.342542 0.604734 0.341653 0.592688 0.333181 0.592438 0.326042 0.585156 0.332292 0.578883 0.336306 0.575125 0.338528 0.572609 0.351917 0.572359 0.351917 0.578133 0.357264 0.578383 0.360389 0.586164 0.353250 0.589930 0.359500 0.602727 0.367528 0.605484 0.370653 0.609500 0.361278 0.612508 0.363958 0.626812
7 0.467486 0.662125 0.472153 0.642633 0.467819 0.640570 0.466486 0.632141 0.472153 0.630078 0.476139 0.631016 0.486806 0.618641 0.482139 0.615641 0.483472 0.608898 0.490472 0.603273 0.491806 0.605711 0.495806 0.600273 0.508139 0.602898 0.504472 0.608336 0.510139 0.612641 0.504139 0.619391 0.498139 0.621078 0.493806 0.628766 0.490139 0.634578 0.495139 0.639633 0.491139 0.642445 0.482139 0.644133 0.475472 0.654445
3 0.359528 0.702273 0.558847 0.702273 0.561556 0.704875 0.575042 0.701406 0.576972 0.758664 0.564639 0.755625 0.562708 0.759094 0.369931 0.758227 0.369931 0.750203 0.358361 0.748906 0.356056 0.704875
5 0.301375 0.814047 0.439986 0.814781 0.440986 0.820797 0.569278 0.822672 0.566944 0.851539 0.438986 0.851141 0.438653 0.855281 0.300375 0.853406
6 0.535833 0.890281 0.541236 0.881828 0.577097 0.879656 0.575167 0.865563 0.732472 0.845172 0.736708 0.849945 0.754444 0.849945 0.757139 0.842352 0.763306 0.840836 0.782972 0.872062 0.781431 0.881172 0.777194 0.886812 0.766778 0.879008 0.749042 0.881172 0.751750 0.886812 0.592514 0.907414 0.585569 0.897008 0.543931 0.900695 0.535444 0.897008
5 0.319333 0.889961 0.444389 0.919109 0.440250 0.926883 0.558403 0.954867 0.537681 0.984406 0.423667 0.955258 0.420903 0.959531 0.295139 0.929219 0.293069 0.918727
1 0.628611 0.485375 0.626569 0.478789 0.631028 0.474602 0.625458 0.470625 0.630847 0.462156 0.640694 0.463203 0.679181 0.421891 0.688667 0.427328 0.654083 0.467383 0.661333 0.472719 0.655389 0.480039 0.642000 0.476797 0.637917 0.482234
8 0.593139 0.371820 0.593472 0.367141 0.634125 0.341086 0.632792 0.336773 0.723431 0.279789 0.732431 0.281102 0.762417 0.298906 0.755417 0.313344 0.676444 0.359078 0.664444 0.361328 0.623125 0.388508
4 0.329875 0.197000 0.410625 0.198500 0.402500 0.344531 0.371944 0.348047 0.318333 0.345703 0.325014 0.216820
5 0.534944 0.238047 0.673681 0.224500 0.675014 0.230273 0.799931 0.217227 0.805722 0.225758 0.808403 0.241562 0.808403 0.248586 0.682611 0.259633 0.683944 0.267406 0.544319 0.278195
4 0.621486 0.048602 0.635319 0.042078 0.668333 0.037305 0.704903 0.038062 0.741931 0.183094 0.720069 0.189367 0.689292 0.193883 0.654944 0.191625
7 0.517097 0.056883 0.512194 0.067422 0.514431 0.076203 0.504167 0.077453 0.501931 0.085984 0.509514 0.089250 0.513083 0.104055 0.507292 0.106062 0.506847 0.115852 0.512639 0.116852 0.514431 0.121867 0.530486 0.121117 0.530042 0.115852 0.535389 0.114844 0.538958 0.108070 0.531375 0.102797 0.525583 0.098281 0.526472 0.090000 0.534500 0.088242 0.534944 0.080219 0.528708 0.077703 0.522903 0.064656
0 0.671653 0.779406 0.693306 0.780906 0.688639 0.797406 0.695639 0.800398 0.693639 0.810523 0.684972 0.814648 0.685306 0.819148 0.693639 0.821398 0.696639 0.827391 0.695306 0.834141 0.684639 0.834516 0.679306 0.844641 0.670653 0.851008 0.634000 0.846516 0.628333 0.842016 0.637319 0.827578 0.626000 0.824391 0.625333 0.816336 0.636000 0.811648 0.644986 0.811086 0.650986 0.800961 0.652319 0.793844 0.665653 0.792531
