7 0.470625 0.242070 0.470250 0.228578 0.476208 0.221781 0.468389 0.219484 0.472111 0.209445 0.481042 0.209125 0.489403 0.197938 0.483264 0.193859 0.486611 0.183922 0.493500 0.183086 0.498514 0.178586 0.508181 0.179945 0.505028 0.185391 0.514139 0.189359 0.512833 0.196055 0.506139 0.199609 0.500375 0.198984 0.494986 0.210906 0.497208 0.216344 0.498333 0.222617 0.487917 0.225547 0.478806 0.234125
8 0.208222 0.154039 0.209125 0.144758 0.321542 0.053922 0.328667 0.054922 0.353208 0.063953 0.358111 0.066969 0.359458 0.076500 0.257292 0.164578 0.238111 0.167336
6 0.512694 0.848672 0.513292 0.863453 0.497167 0.862109 0.417736 0.940047 0.421319 0.950461 0.430875 0.952812 0.417139 0.968938 0.420125 0.980695 0.426097 0.981031 0.453569 0.961211 0.477458 0.964906 0.561667 0.889992 0.555694 0.880922 0.558681 0.876891 0.577194 0.876219 0.584958 0.867484 0.563458 0.858750 0.562264 0.853039 0.549125 0.851359 0.541361 0.854047 0.522847 0.847328
2 0.616958 0.732539 0.612306 0.740664 0.628819 0.768828 0.626764 0.781898 0.639667 0.806570 0.652056 0.824867 0.666500 0.823703 0.667014 0.833867 0.665986 0.846055 0.679917 0.868992 0.687667 0.868992 0.718111 0.923578 0.723278 0.923578 0.768903 1.000000 0.777222 1.000000 0.787278 0.999352 0.740306 0.920094 0.741347 0.912258 0.711917 0.864352 0.719667 0.855930 0.706764 0.835023 0.685083 0.827766 0.683542 0.820219 0.691792 0.812961 0.665986 0.764477 0.656181 0.765344 0.638625 0.733117
8 0.489722 0.692039 0.524306 0.669102 0.533056 0.658906 0.609472 0.605805 0.649208 0.621195 0.652306 0.631648 0.568181 0.690297 0.563528 0.689422 0.522750 0.717586 0.489722 0.703937
6 0.341125 0.805953 0.341569 0.784875 0.312125 0.778102 0.321042 0.685758 0.334875 0.684000 0.335764 0.680484 0.325056 0.676219 0.328181 0.666188 0.348250 0.662672 0.373236 0.662672 0.391083 0.668445 0.392861 0.675469 0.381708 0.679484 0.380375 0.685508 0.395097 0.688016 0.389736 0.775844 0.362972 0.781359 0.361194 0.802937 0.350042 0.807961
5 0.315556 0.468977 0.291917 0.494070 0.292361 0.506117 0.415042 0.538734 0.422625 0.531211 0.536375 0.562328 0.548861 0.549273 0.556000 0.533719 0.442250 0.505617 0.445819 0.499594
6 0.534361 0.471992 0.535264 0.461953 0.576750 0.456687 0.574958 0.441625 0.731097 0.420047 0.736444 0.430086 0.754736 0.424312 0.755181 0.418289 0.764556 0.417289 0.773917 0.434102 0.781056 0.449656 0.780611 0.460195 0.771694 0.461203 0.766333 0.454680 0.746264 0.456180 0.749389 0.464211 0.590569 0.486297 0.582986 0.475758 0.544625 0.479766
5 0.300736 0.395102 0.300069 0.431844 0.437694 0.434844 0.439028 0.430156 0.564653 0.431281 0.570653 0.416281 0.569653 0.400727 0.441361 0.399977 0.442028 0.393977 0.301736 0.393602
3 0.359389 0.280430 0.363708 0.281242 0.560125 0.278977 0.563569 0.282211 0.577681 0.279945 0.580569 0.296469 0.580569 0.314289 0.580278 0.325305 0.577403 0.336320 0.562708 0.335672 0.370903 0.336648 0.370903 0.330328 0.357361 0.328867 0.356500 0.283344
7 0.337611 0.150984 0.352542 0.150422 0.352542 0.156867 0.360514 0.156164 0.363500 0.168063 0.358028 0.168625 0.360264 0.180945 0.368972 0.180945 0.371222 0.192711 0.364750 0.193828 0.363500 0.219313 0.355042 0.208531 0.353042 0.196211 0.340097 0.196344 0.338861 0.185148 0.345083 0.182906 0.343583 0.170727 0.331639 0.170023 0.330639 0.157844 0.339597 0.156727
4 0.420125 0.073992 0.667708 0.093812 0.673056 0.105609 0.666806 0.131203 0.655667 0.145758 0.604806 0.141242 0.593208 0.145258 0.554403 0.140234 0.549042 0.136977 0.405403 0.123680
1 0.635194 0.062781 0.648681 0.052805 0.662958 0.054977 0.667583 0.049117 0.655625 0.044781 0.695333 0.007695 0.691097 0.001187 0.683389 0.000977 0.646375 0.038492 0.634806 0.037625 0.631722 0.043266 0.636347 0.050203 0.632875 0.058016
0 0.670611 0.358812 0.669611 0.368375 0.652292 0.370250 0.645958 0.377000 0.646292 0.384117 0.629625 0.390117 0.621625 0.396867 0.621625 0.403984 0.633292 0.404359 0.629625 0.420859 0.669611 0.426852 0.681611 0.424234 0.680944 0.413547 0.693611 0.411109 0.700944 0.403234 0.690611 0.393680 0.697611 0.382992 0.694278 0.374375 0.691944 0.361250
