7 0.364417 0.549359 0.356708 0.540250 0.355167 0.531141 0.340903 0.529844 0.339750 0.519000 0.348222 0.517695 0.343986 0.504680 0.336278 0.504250 0.333569 0.494703 0.336667 0.491672 0.338972 0.486469 0.354014 0.486031 0.354014 0.492969 0.360569 0.492539 0.365194 0.500781 0.356319 0.504250 0.360569 0.515094 0.372903 0.518344 0.373667 0.524422 0.364861 0.527422 0.369042 0.538516
8 0.208833 0.488484 0.210389 0.480648 0.283681 0.419680 0.290903 0.420547 0.323417 0.390641 0.358000 0.402836 0.361097 0.410680 0.327028 0.438547 0.323931 0.445516 0.251681 0.504453 0.230000 0.499805
1 0.684569 0.335422 0.690250 0.338906 0.691278 0.345875 0.654111 0.380711 0.662889 0.386813 0.660306 0.390875 0.648958 0.389711 0.636569 0.399586 0.637083 0.387680 0.628306 0.383906 0.628306 0.376648 0.644819 0.375484
7 0.472486 0.574078 0.475583 0.558109 0.468875 0.551719 0.471444 0.544172 0.480736 0.542719 0.490028 0.532852 0.482806 0.526172 0.489514 0.516586 0.496222 0.516586 0.500361 0.513102 0.510681 0.515719 0.510681 0.523852 0.516875 0.530234 0.505514 0.536328 0.498292 0.543297 0.501389 0.552008 0.493639 0.558688 0.490542 0.559852 0.483833 0.568562
8 0.596417 0.277031 0.635833 0.253523 0.635833 0.248148 0.730792 0.190703 0.763042 0.207500 0.766028 0.215563 0.749306 0.231352 0.679431 0.275016 0.670472 0.275016 0.628667 0.300883 0.598806 0.287781
5 0.543889 0.149383 0.676556 0.136172 0.677250 0.140836 0.803014 0.129172 0.812681 0.141609 0.813375 0.158711 0.685542 0.171148 0.689000 0.178148 0.553569 0.193695 0.545972 0.189031 0.536292 0.156383
4 0.332778 0.109062 0.418764 0.109062 0.408583 0.256836 0.393778 0.262039 0.321639 0.260477
3 0.361514 0.615305 0.564875 0.614719 0.579319 0.615883 0.581389 0.672211 0.570028 0.669594 0.375958 0.672500 0.374931 0.665242 0.362542 0.663789
5 0.308819 0.724000 0.441806 0.728016 0.443583 0.735039 0.455181 0.733031 0.572056 0.735539 0.572903 0.741062 0.572903 0.763391 0.568444 0.767406 0.444472 0.763898 0.443583 0.767914 0.305750 0.766156
0 0.639111 0.753133 0.644722 0.740945 0.632681 0.738242 0.639903 0.726055 0.649542 0.723797 0.661569 0.707992 0.671208 0.703930 0.684847 0.691289 0.698486 0.696711 0.688861 0.709352 0.703306 0.716117 0.688861 0.723344 0.695278 0.735078 0.697694 0.744563 0.684042 0.745008 0.684042 0.757648 0.663181 0.759008
4 0.633500 0.000133 0.658583 0.104609 0.686056 0.103266 0.690236 0.107297 0.724875 0.105953 0.726069 0.102594 0.743986 0.098227 0.722486 0.000469
6 0.538694 0.804344 0.542708 0.796820 0.581958 0.791797 0.578847 0.777242 0.736319 0.758172 0.741667 0.767711 0.756833 0.762188 0.758625 0.754156 0.768431 0.756164 0.787167 0.782766 0.787167 0.793305 0.779139 0.798320 0.771556 0.790547 0.752819 0.793305 0.755500 0.801336 0.594903 0.821914 0.590000 0.809617 0.551625 0.814133 0.540931 0.811875
5 0.321222 0.804070 0.450583 0.833180 0.446569 0.838695 0.561222 0.866297 0.558542 0.878844 0.542486 0.897414 0.430958 0.867305 0.420250 0.872320 0.300250 0.840203 0.298917 0.830414
4 0.418958 0.412172 0.666097 0.434000 0.670556 0.451562 0.658069 0.483938 0.410042 0.463359 0.405583 0.456836
