3 0.351653 0.827000 0.350889 0.780586 0.552917 0.780805 0.557153 0.782977 0.569875 0.780156 0.572194 0.832203 0.570653 0.835891 0.563319 0.834375 0.555236 0.834805 0.363611 0.835461 0.362833 0.827867
1 0.620861 0.561922 0.619417 0.556250 0.625472 0.551719 0.617694 0.548797 0.619417 0.542648 0.633236 0.542156 0.670681 0.500852 0.683361 0.506516 0.644181 0.546531 0.651958 0.550422 0.650806 0.556094 0.642750 0.556250 0.634681 0.555281 0.630653 0.558844
5 0.295069 0.929211 0.296069 0.892469 0.435694 0.892656 0.435028 0.897719 0.562722 0.900477 0.561583 0.930445 0.434028 0.928047 0.431111 0.931250
3 0.282181 0.126172 0.282181 0.121133 0.290528 0.119453 0.287556 0.113406 0.291125 0.109375 0.295903 0.108703 0.371750 0.078469 0.374736 0.073766 0.452375 0.040172 0.500750 0.077125 0.501347 0.085187 0.356819 0.149688 0.348458 0.146664 0.347264 0.151703 0.329944 0.159766
7 0.509694 0.137297 0.506611 0.147711 0.506222 0.155953 0.495431 0.158117 0.492736 0.164195 0.496208 0.167664 0.505458 0.167664 0.507000 0.180242 0.496583 0.187617 0.499292 0.194555 0.507764 0.194992 0.508153 0.199758 0.523569 0.200625 0.522806 0.194117 0.530514 0.191734 0.530903 0.185227 0.522028 0.181758 0.521653 0.170047 0.530125 0.165273 0.530903 0.160070 0.525889 0.157469 0.518181 0.154219 0.517028 0.144891
8 0.198208 0.646078 0.271069 0.586289 0.278236 0.585953 0.313472 0.556727 0.351694 0.571172 0.242403 0.665898 0.217319 0.662875 0.200000 0.655820
8 0.584708 0.444156 0.627111 0.419297 0.628306 0.415937 0.719083 0.358500 0.755514 0.378312 0.754319 0.385031 0.668319 0.438109 0.658764 0.440797 0.616361 0.465656 0.585903 0.450203
5 0.529708 0.317727 0.664208 0.305086 0.666500 0.307680 0.792361 0.298125 0.800139 0.307680 0.801583 0.320641 0.801583 0.327117 0.676583 0.338297 0.679181 0.344289 0.538056 0.357578
4 0.314264 0.423383 0.323903 0.277148 0.406111 0.277547 0.399917 0.420578 0.392333 0.423688
4 0.410069 0.578828 0.417778 0.581438 0.450167 0.581000 0.659903 0.601172 0.659139 0.626328 0.646028 0.651703 0.397736 0.626109
7 0.354056 0.713531 0.345569 0.700734 0.343250 0.694016 0.331681 0.693797 0.330917 0.686203 0.336319 0.682305 0.335542 0.669727 0.322431 0.668859 0.321278 0.662133 0.327056 0.657578 0.330139 0.650852 0.344028 0.649984 0.343639 0.655844 0.354819 0.657578 0.354056 0.665602 0.347875 0.667117 0.352889 0.681000 0.363306 0.682305 0.363694 0.689891 0.356361 0.690539 0.357139 0.703125
7 0.461736 0.738422 0.462000 0.728219 0.467792 0.720117 0.458542 0.717359 0.463181 0.707969 0.471500 0.709258 0.481000 0.695164 0.474958 0.691602 0.478125 0.684641 0.484778 0.684641 0.488778 0.678484 0.502319 0.681234 0.498861 0.686906 0.505222 0.690305 0.501764 0.697594 0.489097 0.697594 0.481000 0.711047 0.490222 0.715578 0.488236 0.719141 0.476139 0.721898 0.469514 0.731453
6 0.529181 0.965906 0.537472 0.961242 0.570639 0.959688 0.566486 0.944141 0.728875 0.924711 0.728875 0.930148 0.746139 0.928594 0.750292 0.919266 0.755819 0.919266 0.777236 0.951141 0.774472 0.962797 0.768944 0.963188 0.759958 0.958133 0.741306 0.960859 0.743375 0.965133 0.585833 0.987672 0.577222 0.975156 0.541111 0.976875 0.527792 0.973680
4 0.613292 0.125977 0.649153 0.119039 0.698111 0.119906 0.734361 0.263047 0.712375 0.269336 0.688472 0.271281 0.649917 0.271281
0 0.622264 0.902031 0.632472 0.904828 0.626750 0.922055 0.672556 0.926672 0.674792 0.920789 0.668319 0.917570 0.671306 0.910711 0.688486 0.909867 0.689222 0.901328 0.678528 0.898109 0.679764 0.886766 0.686986 0.884672 0.689722 0.878367 0.684000 0.877805 0.683250 0.860445 0.666819 0.860023 0.660097 0.870664 0.648153 0.871508 0.644417 0.890828 0.623764 0.892789
