7 0.339361 0.043406 0.339944 0.048914 0.332458 0.050703 0.335333 0.063500 0.343403 0.063500 0.345125 0.074836 0.337347 0.076461 0.340514 0.091039 0.353764 0.091039 0.357806 0.102703 0.366444 0.113070 0.367597 0.099625 0.366444 0.087633 0.374500 0.086984 0.373069 0.076617 0.360389 0.074836 0.356931 0.063172 0.365861 0.060578 0.364417 0.049727 0.353194 0.050055 0.350889 0.042602
3 0.336042 0.902117 0.334847 0.919922 0.360528 0.957883 0.459069 0.938734 0.555806 0.919586 0.557000 0.910852 0.566556 0.908500 0.565361 0.898758 0.542667 0.861812
6 0.326014 0.561297 0.327208 0.570359 0.339750 0.574055 0.337958 0.578086 0.323625 0.583461 0.317653 0.670133 0.324819 0.675508 0.340347 0.677523 0.341542 0.699023 0.346319 0.703055 0.358250 0.701711 0.365417 0.678531 0.391694 0.672148 0.401250 0.581445 0.379153 0.580102 0.382139 0.575398 0.402444 0.565664 0.400056 0.559617 0.332583 0.556594
2 0.619306 0.626156 0.614681 0.640688 0.631653 0.661500 0.629333 0.666711 0.654778 0.717023 0.664806 0.716805 0.668653 0.724398 0.675208 0.750852 0.682542 0.763000 0.688319 0.761695 0.720319 0.815703 0.726486 0.815484 0.772764 0.895727 0.785486 0.905922 0.787028 0.893992 0.743069 0.812227 0.742681 0.805070 0.714542 0.757359 0.719556 0.750641 0.705667 0.726352 0.691028 0.721141 0.684847 0.713117 0.693333 0.704875 0.668278 0.658250 0.655931 0.656297 0.641292 0.624852
8 0.615236 0.498211 0.528042 0.556992 0.528639 0.562367 0.488028 0.586555 0.492208 0.596633 0.522069 0.611414 0.655833 0.525414 0.652847 0.513992
5 0.314847 0.363961 0.293694 0.388641 0.296792 0.404320 0.418083 0.433063 0.422722 0.425516 0.539375 0.456000 0.552792 0.444383 0.558472 0.425219 0.443889 0.398805 0.447500 0.392992
6 0.536958 0.362687 0.538736 0.356664 0.580667 0.350641 0.575319 0.334586 0.736806 0.313000 0.741264 0.321531 0.756431 0.317516 0.755097 0.312750 0.767139 0.311242 0.784986 0.343617 0.781417 0.352648 0.772042 0.352398 0.768931 0.349133 0.747958 0.347883 0.751972 0.358172 0.593167 0.378492 0.586028 0.367953 0.547208 0.372219 0.536958 0.367453
5 0.304528 0.287805 0.303500 0.327586 0.441819 0.330484 0.442861 0.322648 0.567764 0.325555 0.570861 0.293031 0.443375 0.294773 0.442333 0.286648
3 0.361944 0.172555 0.366417 0.173563 0.562694 0.171555 0.567153 0.175570 0.576083 0.170805 0.580542 0.172555 0.580097 0.232531 0.566708 0.229516 0.563139 0.231523 0.372653 0.231523 0.373097 0.224500 0.357486 0.222742
7 0.500361 0.070789 0.499208 0.074516 0.489417 0.075969 0.486250 0.086984 0.492292 0.090555 0.486542 0.099625 0.473569 0.101406 0.470403 0.109664 0.472708 0.114039 0.478472 0.114523 0.471556 0.126031 0.472139 0.138344 0.481347 0.128945 0.489417 0.117445 0.499208 0.118250 0.504681 0.111937 0.502667 0.106102 0.494889 0.100922 0.502083 0.092656 0.515333 0.089094 0.518208 0.085531 0.513028 0.078563 0.506694 0.077750 0.507278 0.071594
0 0.676083 0.249586 0.670556 0.262023 0.655347 0.267461 0.655347 0.276789 0.629778 0.283789 0.626333 0.291563 0.638764 0.297781 0.634625 0.314102 0.676083 0.320320 0.685750 0.303219 0.694042 0.303219 0.696806 0.293117 0.685750 0.286508 0.696806 0.276398 0.696111 0.265516 0.694042 0.250750
6 0.421792 0.873062 0.419222 0.857961 0.435222 0.848672 0.423347 0.842281 0.422319 0.834734 0.501806 0.755477 0.514181 0.758375 0.515222 0.739219 0.547222 0.744148 0.560639 0.745313 0.567347 0.751703 0.584903 0.760703 0.579222 0.769992 0.558569 0.769414 0.559611 0.774930 0.564764 0.778117 0.482181 0.859125 0.454319 0.857094 0.436250 0.871320
