8 0.583083 0.632891 0.625403 0.607961 0.627069 0.601773 0.715694 0.547039 0.753694 0.568594 0.743361 0.580969 0.668056 0.626703 0.656056 0.627266 0.615736 0.652945 0.588069 0.638695
1 0.631056 0.729922 0.667653 0.687219 0.679347 0.690578 0.643750 0.733289 0.652458 0.738187 0.647486 0.745047 0.634042 0.740984 0.620847 0.750930 0.622597 0.739023 0.615375 0.735383 0.620347 0.726703
4 0.615222 0.316977 0.649917 0.310477 0.700042 0.311555 0.735125 0.454047 0.651847 0.460984
4 0.322278 0.463500 0.408264 0.466102 0.397458 0.608156 0.388208 0.612492 0.314181 0.611187
5 0.529097 0.505414 0.665167 0.493367 0.666056 0.499141 0.792750 0.486094 0.801222 0.513945 0.674528 0.525234 0.675875 0.531008 0.537139 0.543055
3 0.343917 1.000000 0.343583 0.967508 0.564514 0.966570 0.566514 0.999742 0.414167 1.000000
7 0.511000 0.324742 0.506000 0.338422 0.507000 0.343297 0.497000 0.346672 0.497333 0.354539 0.506667 0.356039 0.509000 0.368789 0.499333 0.372164 0.499000 0.381156 0.506333 0.382656 0.509000 0.386031 0.523333 0.387156 0.524667 0.383031 0.533667 0.380594 0.533333 0.371977 0.525000 0.369352 0.523667 0.356602 0.529667 0.353977 0.531000 0.346859 0.523333 0.344609 0.518667 0.333734
3 0.331472 0.346742 0.506444 0.272133 0.505931 0.265164 0.456333 0.229164 0.376889 0.261094 0.377931 0.264875 0.302569 0.295359 0.292194 0.295938 0.290694 0.301742 0.295347 0.305227 0.290181 0.305805 0.287542 0.314516
7 0.455931 0.903344 0.455375 0.895687 0.466347 0.895844 0.475653 0.882016 0.468014 0.878656 0.471208 0.870609 0.481625 0.869984 0.485653 0.865219 0.496625 0.866703 0.494125 0.874437 0.501486 0.875141 0.500653 0.881312 0.490931 0.882641 0.481625 0.896703 0.486764 0.904516 0.483292 0.908109 0.472181 0.906781 0.460931 0.924203 0.458292 0.923500 0.462458 0.906156
7 0.319708 0.843883 0.325472 0.842102 0.326208 0.836039 0.339417 0.836242 0.343319 0.842523 0.349819 0.843883 0.350569 0.850578 0.342764 0.852453 0.348153 0.865219 0.358569 0.868461 0.361542 0.877031 0.352986 0.878500 0.351500 0.899938 0.338486 0.880797 0.328069 0.880172 0.325278 0.871391 0.332139 0.867203 0.329000 0.855805 0.319889 0.854023
4 0.408931 0.764000 0.660083 0.787586 0.644458 0.838273 0.393306 0.813430
8 0.194708 0.833109 0.269347 0.772008 0.276347 0.771820 0.309333 0.743328 0.329000 0.745016 0.343319 0.751203 0.348319 0.759633 0.313000 0.788687 0.311000 0.796375 0.239361 0.852227 0.222361 0.851477 0.196708 0.840422
