4 0.419653 0.262727 0.664292 0.283859 0.666694 0.300047 0.660292 0.326133 0.649903 0.336922 0.401264 0.313992
0 0.668847 0.547930 0.665000 0.559203 0.646486 0.561375 0.646486 0.573516 0.635694 0.577859 0.629528 0.584359 0.633375 0.590867 0.631069 0.609086 0.671167 0.613422 0.675403 0.601930 0.695069 0.600195 0.695069 0.590648 0.679653 0.584148 0.681958 0.577203 0.689667 0.572867 0.688125 0.559641 0.688514 0.549445
5 0.298181 0.581477 0.298764 0.618570 0.434694 0.622945 0.435847 0.617117 0.563139 0.618250 0.567458 0.600914 0.567458 0.588281 0.438153 0.586336 0.437569 0.581148
3 0.353597 0.468523 0.353597 0.515937 0.368111 0.517883 0.369486 0.523711 0.559722 0.524805 0.560889 0.523484 0.574708 0.523984 0.576444 0.468562 0.560000 0.470195 0.460639 0.469883
7 0.494236 0.367289 0.491236 0.373844 0.482250 0.374219 0.478917 0.378719 0.485569 0.384719 0.480917 0.395594 0.469917 0.395969 0.466917 0.403461 0.469583 0.409086 0.471583 0.415086 0.466250 0.425578 0.468250 0.430453 0.479583 0.414336 0.490236 0.411711 0.496903 0.406836 0.492903 0.401023 0.495569 0.390719 0.508236 0.387344 0.511903 0.379656 0.503903 0.376094 0.503569 0.367852
7 0.334625 0.340859 0.347958 0.339359 0.349958 0.343859 0.357944 0.344234 0.360278 0.354727 0.354292 0.356602 0.355944 0.368227 0.367278 0.369727 0.368944 0.379469 0.361611 0.382844 0.363278 0.405336 0.350625 0.384531 0.337292 0.385094 0.333292 0.372719 0.341958 0.370477 0.339958 0.358664 0.328958 0.358852 0.326625 0.347609 0.335292 0.346297
2 0.610875 0.923484 0.635403 0.922984 0.655431 0.955602 0.664403 0.956359 0.691986 1.000000 0.641069 1.000000 0.621139 0.961875 0.629111 0.960375
6 0.339472 0.992820 0.339472 0.972586 0.313889 0.967641 0.313889 0.874102 0.331625 0.876258 0.332667 0.870187 0.323319 0.865508 0.322833 0.856828 0.336264 0.855344 0.389431 0.857687 0.393028 0.864656 0.377042 0.869602 0.378083 0.875086 0.389917 0.879180 0.386875 0.967727 0.363611 0.971195 0.362097 0.993586 0.352736 0.997906 0.342986 0.997633
4 0.326333 0.001656 0.322042 0.110461 0.400847 0.115297 0.412306 0.001656
5 0.535667 0.003273 0.547125 0.043570 0.684542 0.030672 0.681667 0.024227 0.813639 0.009156 0.812194 0.000852 0.582528 0.000125
8 0.203792 0.336023 0.280542 0.273969 0.286944 0.271266 0.322111 0.242937 0.354889 0.255977 0.357292 0.265867 0.319722 0.297352 0.246972 0.357164 0.206986 0.345469
1 0.678056 0.190797 0.642819 0.228938 0.629875 0.227438 0.624972 0.232453 0.633444 0.239477 0.628986 0.251023 0.645042 0.243492 0.659764 0.243242 0.655306 0.236469 0.688319 0.199836
8 0.591847 0.133023 0.634000 0.106203 0.636764 0.100758 0.727278 0.044016 0.763903 0.059953 0.762514 0.069664 0.674069 0.127188 0.665097 0.127188 0.625014 0.154398
8 0.486569 0.883094 0.522542 0.857461 0.608097 0.794500 0.649667 0.807992 0.651264 0.818789 0.568917 0.878148 0.560125 0.880844 0.523347 0.905578 0.489764 0.893437
5 0.311347 0.657984 0.331986 0.657984 0.444514 0.687305 0.439861 0.692820 0.551861 0.720695 0.553931 0.726789 0.536903 0.751180 0.420250 0.721273 0.415083 0.725336 0.293278 0.692531 0.292250 0.682953
6 0.570944 0.631508 0.574514 0.645055 0.534361 0.652078 0.537042 0.667141 0.578083 0.662875 0.587000 0.674664 0.745819 0.654594 0.747153 0.647062 0.760986 0.645555 0.772583 0.650078 0.777931 0.649320 0.779278 0.638031 0.770792 0.617703 0.761875 0.607664 0.753847 0.608922 0.752514 0.614945 0.735111 0.616953 0.732431 0.609422
