8 0.191236 0.895328 0.268653 0.833773 0.275361 0.832328 0.304792 0.804164 0.337819 0.810547 0.347625 0.822164 0.309431 0.850617 0.232014 0.915648 0.192778 0.902875
7 0.313528 0.906398 0.322694 0.903742 0.321722 0.898898 0.338111 0.898586 0.338806 0.904055 0.346722 0.906242 0.348111 0.912570 0.342694 0.914914 0.346306 0.927648 0.354917 0.931477 0.356722 0.937570 0.348111 0.942414 0.349222 0.959523 0.341722 0.952414 0.336722 0.943117 0.324778 0.943352 0.323944 0.932648 0.331306 0.929680 0.326722 0.918586 0.315611 0.917336
7 0.454597 0.986570 0.457472 0.969398 0.453444 0.963891 0.454889 0.955797 0.463236 0.955953 0.471583 0.943641 0.467556 0.936516 0.473319 0.930680 0.481375 0.931492 0.485125 0.925500 0.494625 0.927281 0.491458 0.934734 0.498944 0.937977 0.496931 0.945266 0.488292 0.948180 0.480222 0.956438 0.481958 0.961945 0.483403 0.968750 0.471875 0.971508 0.464958 0.976367 0.458917 0.982844
7 0.510583 0.385602 0.506833 0.399695 0.507708 0.405852 0.498778 0.408281 0.498194 0.418164 0.507125 0.418484 0.507125 0.431125 0.499347 0.432906 0.499069 0.443602 0.508278 0.446516 0.508569 0.449750 0.521528 0.449594 0.522097 0.443438 0.529597 0.442953 0.531028 0.435016 0.522389 0.430797 0.520667 0.418164 0.529875 0.416867 0.529597 0.408117 0.522389 0.406500 0.518069 0.394672
3 0.288389 0.378094 0.287944 0.369062 0.291069 0.367805 0.291069 0.357766 0.302667 0.359023 0.308917 0.352250 0.453444 0.292273 0.503403 0.326656 0.502514 0.337445 0.329875 0.409711
4 0.616500 0.379414 0.655431 0.372914 0.698611 0.373344 0.732542 0.513664 0.725222 0.519953 0.658903 0.525586 0.646569 0.522773
4 0.311000 0.673398 0.321403 0.525445 0.407736 0.526789 0.396542 0.668000 0.386958 0.676547
5 0.533028 0.564430 0.663736 0.554398 0.665069 0.558914 0.790431 0.547367 0.799347 0.578234 0.671764 0.587766 0.673097 0.594039 0.536597 0.605586 0.528125 0.567195
8 0.582944 0.692766 0.714042 0.607695 0.754819 0.629758 0.665000 0.690148 0.656750 0.688695 0.612875 0.716281 0.582944 0.702344
1 0.669708 0.749437 0.677472 0.757539 0.639750 0.796742 0.648097 0.801602 0.647819 0.805164 0.631681 0.805492 0.617569 0.813266 0.619306 0.802734 0.612972 0.798039 0.617861 0.788805 0.625347 0.791555
4 0.403375 0.824773 0.655764 0.850906 0.641833 0.903750 0.390472 0.876750
