6 0.319653 0.446617 0.322750 0.457648 0.334097 0.460555 0.318097 0.468687 0.312431 0.555203 0.320167 0.561594 0.340819 0.562172 0.339778 0.582203 0.343917 0.588305 0.358361 0.588305 0.362486 0.584234 0.363014 0.559555 0.388306 0.557523 0.395528 0.506719 0.395528 0.467523 0.383653 0.463461 0.382625 0.459391 0.393458 0.455617 0.389847 0.445750 0.344431 0.443133
6 0.513111 0.626125 0.514903 0.642250 0.502361 0.638891 0.418153 0.718508 0.420542 0.724891 0.432486 0.731609 0.418750 0.744711 0.420542 0.756125 0.430097 0.758813 0.452792 0.741688 0.477278 0.743031 0.560292 0.669461 0.555514 0.656695 0.556708 0.652664 0.573431 0.653000 0.580597 0.643594 0.566264 0.635531 0.535806 0.628141
0 0.671569 0.134508 0.669722 0.146477 0.651222 0.148555 0.651222 0.159484 0.625319 0.167805 0.625319 0.179250 0.636417 0.179250 0.628097 0.198508 0.677125 0.206312 0.680819 0.188617 0.694694 0.188617 0.695625 0.180297 0.690069 0.171969 0.693764 0.152195 0.693764 0.138148
3 0.336722 0.785172 0.331361 0.796008 0.360264 0.842969 0.456583 0.823703 0.457444 0.817383 0.466750 0.819125 0.555486 0.803414 0.555486 0.796492 0.562764 0.791555 0.563722 0.782828 0.539958 0.746523
2 0.615097 0.510406 0.607597 0.521242 0.626875 0.546531 0.624722 0.558570 0.654694 0.603117 0.663264 0.602516 0.667542 0.612750 0.666472 0.627203 0.679319 0.647672 0.687875 0.647070 0.717847 0.699445 0.723194 0.703055 0.768153 0.778914 0.782056 0.787344 0.782056 0.775906 0.734542 0.695953 0.738181 0.688250 0.711319 0.641891 0.718486 0.631477 0.700500 0.605945 0.692153 0.605289 0.686167 0.597883 0.689806 0.587469 0.666472 0.542797 0.656944 0.542133 0.653944 0.538102 0.652764 0.529672 0.639611 0.509867
3 0.355931 0.058594 0.356972 0.108531 0.369361 0.108234 0.369361 0.116078 0.576847 0.115203 0.577875 0.055688 0.563431 0.058883 0.562389 0.056266
8 0.492556 0.470133 0.526625 0.448648 0.527653 0.441391 0.612819 0.382453 0.646889 0.399875 0.653597 0.412648 0.569986 0.470719 0.560694 0.469266 0.526625 0.496266 0.487403 0.481750
5 0.312694 0.247336 0.292389 0.274883 0.292389 0.285633 0.417194 0.319898 0.422569 0.312508 0.537833 0.343414 0.552764 0.328297 0.555153 0.310156 0.439292 0.284961 0.439889 0.279922
6 0.540250 0.237695 0.535611 0.243211 0.538708 0.257148 0.580000 0.252500 0.589292 0.262953 0.749292 0.244664 0.747222 0.235375 0.764778 0.233633 0.770972 0.238570 0.780778 0.237984 0.779750 0.215047 0.768903 0.193562 0.756514 0.193859 0.753417 0.201695 0.737931 0.202859 0.733806 0.196469 0.572764 0.216789 0.577417 0.233922
5 0.301736 0.169203 0.299167 0.186336 0.299167 0.214211 0.438514 0.214500 0.438514 0.207242 0.567556 0.209563 0.569111 0.177914 0.438514 0.177047 0.437486 0.169500
