8 0.491125 0.956711 0.617444 0.868570 0.654222 0.884305 0.657417 0.891500 0.531097 0.980992 0.499125 0.970648
6 0.318986 0.999141 0.323125 0.950945 0.339708 0.948609 0.338333 0.942391 0.327972 0.938508 0.328653 0.930344 0.353528 0.928789 0.352153 0.924516 0.378403 0.924125 0.379792 0.928789 0.396375 0.930734 0.396375 0.939281 0.385319 0.945117 0.385319 0.949391 0.399139 0.949781 0.397778 1.000000 0.362542 1.000000
5 0.540722 0.076445 0.677500 0.064281 0.676986 0.069219 0.802403 0.057281 0.809625 0.070375 0.811694 0.088063 0.685750 0.098539 0.687819 0.105773 0.549486 0.119125
8 0.597292 0.205156 0.635458 0.181523 0.637000 0.176102 0.726833 0.119930 0.763083 0.136414 0.762306 0.143570 0.677097 0.200172 0.668625 0.201039 0.626986 0.227711 0.596903 0.212102
1 0.679431 0.263797 0.642861 0.303695 0.632597 0.301938 0.628583 0.306953 0.633931 0.313727 0.629472 0.321258 0.632153 0.325023 0.638403 0.324266 0.646431 0.317992 0.661597 0.317742 0.656681 0.307711 0.688806 0.273078 0.687472 0.262039
8 0.207653 0.409344 0.281972 0.347789 0.289722 0.346633 0.320681 0.318758 0.356819 0.330078 0.356819 0.337336 0.325847 0.365789 0.326875 0.368695 0.252042 0.431406 0.209194 0.417758
4 0.418236 0.336758 0.667528 0.361148 0.668569 0.380891 0.655667 0.409633 0.406361 0.387562
7 0.336472 0.414852 0.336931 0.419367 0.329792 0.420625 0.330236 0.432922 0.341389 0.431914 0.344069 0.443461 0.334694 0.447727 0.336931 0.457258 0.349417 0.456508 0.361903 0.476328 0.363694 0.451992 0.370833 0.448977 0.365028 0.442203 0.359236 0.441953 0.356111 0.430414 0.362806 0.428906 0.361014 0.419117 0.354764 0.419625 0.353431 0.412844
7 0.497069 0.440953 0.497069 0.446977 0.483694 0.445969 0.486819 0.458016 0.482347 0.468805 0.467625 0.470812 0.464514 0.476836 0.473431 0.482602 0.470306 0.491891 0.469861 0.502430 0.479681 0.496656 0.485028 0.485617 0.497514 0.483609 0.498861 0.479094 0.493500 0.473570 0.498417 0.462031 0.509111 0.460523 0.515361 0.456008 0.510014 0.450484 0.504653 0.446469 0.506444 0.441453
0 0.632750 0.680281 0.633903 0.668133 0.626125 0.663914 0.629583 0.654687 0.653194 0.651445 0.656083 0.632812 0.670486 0.631680 0.673361 0.620984 0.689486 0.623906 0.690931 0.640102 0.695819 0.643023 0.694097 0.651766 0.685167 0.654359 0.686028 0.657922 0.699861 0.667969 0.697847 0.672828 0.683722 0.670563 0.679403 0.676719 0.682000 0.682227 0.679403 0.688055 0.634194 0.684812
5 0.303542 0.656320 0.440028 0.656539 0.440417 0.661961 0.569569 0.662828 0.567264 0.694055 0.440792 0.689719 0.441181 0.696008 0.302000 0.693625
6 0.536597 0.732047 0.540264 0.724359 0.577583 0.720797 0.575583 0.704305 0.732194 0.683500 0.738861 0.692492 0.745528 0.687992 0.754861 0.687805 0.754861 0.681250 0.767514 0.680500 0.779514 0.695492 0.785514 0.713484 0.781847 0.721734 0.771181 0.723609 0.767847 0.717422 0.749861 0.718359 0.750194 0.726609 0.690542 0.734852 0.689542 0.738602 0.591903 0.748352 0.587569 0.739164 0.542583 0.741602
5 0.295611 0.758773 0.319708 0.731680 0.445944 0.761031 0.444611 0.767055 0.556583 0.795164 0.559264 0.800930 0.543597 0.820703 0.539139 0.824719 0.424944 0.793859 0.420931 0.799148 0.297806 0.766258
3 0.356875 0.544570 0.561681 0.544109 0.565000 0.546711 0.567694 0.543742 0.578333 0.543742 0.578972 0.592445 0.575639 0.598633 0.567694 0.596187 0.371403 0.598062 0.372417 0.590203 0.359097 0.588906
4 0.331167 0.032969 0.323736 0.182031 0.385653 0.189695 0.403000 0.179945 0.417861 0.035055
